/d/hpc/home/ratkop/yolox/data/bee_dataset/img/GP011599_25104.jpg 405,727,755,1095,1 1436,738,1670,973,0 1522,433,1790,632,0 2185,1117,2495,1296,0 2228,1281,2467,1457,0 2014,1316,2279,1499,0 1857,1241,2063,1438,0 1649,1250,1898,1472,0 1585,1395,1843,1500,0 844,1415,1009,1502,0 919,1197,1182,1431,0 535,951,890,1104,0 591,1037,762,1293,0 444,1076,611,1395,0 72,969,421,1194,0 105,1200,432,1401,0 2,1017,154,1263,0 1924,975,2205,1175,0 
/d/hpc/home/ratkop/yolox/data/bee_dataset/img/GP011599_18840.jpg 816,974,1011,1241,1 339,1042,621,1293,1 1059,774,1272,987,0 1083,1037,1367,1198,0 1751,871,1959,1074,0 1926,924,2119,1184,0 1836,1087,2053,1266,0 2198,1197,2376,1414,0 1694,1103,1906,1353,0 1874,1347,2078,1487,0 1596,1343,1863,1462,0 1280,1318,1391,1502,0 954,1158,1172,1419,0 673,937,849,1145,0 79,859,415,1080,0 202,976,435,1198,0 110,1062,353,1245,0 255,1300,471,1503,0 84,1263,291,1502,0 
/d/hpc/home/ratkop/yolox/data/bee_dataset/img/GP011599_1824.jpg 829,1108,1078,1309,1 1239,1033,1388,1252,0 2103,818,2368,997,0 1776,1102,1949,1348,0 1532,1091,1761,1223,0 1570,1255,1728,1502,0 1729,1452,1831,1502,0 1283,1235,1450,1443,0 1498,1442,1583,1502,0 1319,1445,1448,1503,0 896,1274,1136,1388,0 637,1185,874,1348,0 1050,862,1219,1138,0 881,918,1045,1156,0 1117,584,1307,837,0 938,335,1153,555,0 805,459,1075,733,0 92,1239,394,1456,0 
/d/hpc/home/ratkop/yolox/data/bee_dataset/img/GP011599_7200.jpg 171,1181,394,1483,1 1437,678,1648,943,0 1975,786,2234,1026,0 1767,1111,2006,1280,0 1415,990,1720,1297,0 1457,1258,1630,1503,0 1320,1275,1477,1502,0 1164,1195,1348,1470,0 1015,1037,1280,1269,0 897,1065,1060,1381,0 582,1075,911,1316,0 346,1237,614,1440,0 32,1320,187,1502,0 419,616,735,861,0 109,710,489,973,0 1,1100,188,1393,0 
/d/hpc/home/ratkop/yolox/data/bee_dataset/img/GP011599_19152.jpg 799,790,1049,1051,1 981,636,1237,862,0 2015,913,2181,1184,0 1906,1200,2151,1370,0 1696,860,1949,1066,0 1740,1050,2026,1258,0 1471,1422,1706,1503,0 1194,1453,1320,1502,0 1238,770,1469,1026,0 530,871,803,1054,0 830,795,906,846,0 775,929,892,1111,0 642,1058,936,1292,0 860,978,1120,1129,0 268,1101,555,1291,1 218,995,548,1170,0 512,1433,627,1502,0 78,1286,317,1491,0 
/d/hpc/home/ratkop/yolox/data/bee_dataset/img/GP011599_14232.jpg 551,1028,820,1272,1 670,211,963,562,0 1535,816,1761,1090,0 1398,978,1607,1240,0 1198,1116,1352,1386,0 1331,1088,1532,1359,0 1570,1227,1770,1448,0 1708,1354,1858,1499,0 690,1272,979,1472,0 68,1330,217,1500,0 222,1387,405,1502,0 361,1364,546,1503,0 
/d/hpc/home/ratkop/yolox/data/bee_dataset/img/GP011599_13896.jpg 170,981,332,1235,1 1161,977,1474,1181,0 1555,869,1873,1065,0 1637,1067,1838,1288,0 2140,1116,2339,1391,0 1905,1327,2023,1501,0 1383,1245,1686,1421,0 1595,1311,1815,1501,0 1213,1108,1474,1302,0 625,1273,803,1501,0 210,1268,498,1500,0 371,1013,680,1104,0 286,926,447,1192,0 
/d/hpc/home/ratkop/yolox/data/bee_dataset/img/GP011599_6960.jpg 252,884,486,1188,1 1223,1183,1452,1418,0 216,751,467,896,0 81,1407,263,1501,0 241,1417,418,1501,0 358,1203,580,1444,0 850,1044,1078,1279,0 1940,704,2187,986,0 1521,777,1728,1021,0 1749,972,2083,1195,0 1543,1000,1696,1243,0 1638,1114,1764,1335,0 1732,1105,2004,1254,0 1928,1189,2167,1456,0 
/d/hpc/home/ratkop/yolox/data/bee_dataset/img/GP011599_19848.jpg 323,1209,568,1441,1 786,1237,1016,1482,0 1730,873,1985,1088,0 1772,1145,1926,1420,0 2061,1254,2261,1453,0 1449,835,1730,1077,0 1570,987,1746,1235,0 1940,435,2218,684,0 2364,863,2630,1071,0 21,161,404,619,0 347,991,538,1263,0 0,1025,265,1231,0 510,1333,642,1502,0 205,1390,435,1501,0 3,1318,154,1502,0 104,1204,343,1386,0 
/d/hpc/home/ratkop/yolox/data/bee_dataset/img/GP011599_8616.jpg 437,1098,687,1366,1 1180,1121,1496,1329,0 1995,909,2189,1126,0 1778,752,1986,1029,0 1588,1100,1859,1279,0 1800,1180,1989,1405,0 1865,1446,1981,1501,0 1609,1277,1828,1501,0 1412,1338,1599,1502,0 1192,1315,1386,1502,0 980,1184,1158,1501,0 15,1052,212,1341,0 169,1081,452,1284,0 17,1314,299,1496,0 
/d/hpc/home/ratkop/yolox/data/bee_dataset/img/GP011599_7248.jpg 187,1162,387,1451,1 350,741,650,1065,0 1973,800,2161,1059,0 1523,619,1807,871,0 1744,1129,1956,1281,0 1524,1288,1642,1502,0 1277,1106,1545,1311,0 1223,1292,1384,1502,0 997,1233,1276,1405,0 877,1085,1078,1398,0 552,209,763,526,0 287,386,577,557,0 138,577,431,800,0 169,887,453,1156,0 348,1237,569,1478,0 29,1231,220,1503,0 0,988,183,1229,0 186,1082,447,1230,0 
/d/hpc/home/ratkop/yolox/data/bee_dataset/img/GP011599_9384.jpg 860,1186,1116,1480,1 1051,216,1386,456,0 30,1450,159,1503,0 208,1140,463,1371,0 460,1237,630,1497,0 1791,525,2044,767,0 1523,653,1815,835,0 1734,683,1972,973,0 1511,814,1738,953,0 1542,960,1792,1158,0 1651,1130,1822,1367,0 2003,1120,2164,1352,0 
/d/hpc/home/ratkop/yolox/data/bee_dataset/img/GP011599_18792.jpg 197,1134,403,1427,1 886,936,1165,1103,0 1022,35,1216,348,0 1059,757,1275,947,0 1197,1025,1414,1200,0 937,1393,1098,1503,0 1177,1380,1450,1502,0 1589,786,1784,1100,0 1757,887,1926,1130,0 1966,1016,2193,1220,0 2038,1185,2158,1392,0 2069,1260,2237,1476,0 1643,1297,1913,1482,0 460,1371,632,1503,0 104,638,317,898,0 182,784,492,1017,0 122,1007,377,1144,0 137,1333,301,1503,0 2,1153,200,1380,0 
/d/hpc/home/ratkop/yolox/data/bee_dataset/img/GP011599_19560.jpg 336,1130,582,1392,1 263,881,501,1115,0 1732,642,2007,890,0 1749,916,1994,1090,0 1788,1090,1970,1329,0 1457,937,1689,1194,0 1633,1242,1801,1503,0 1351,1020,1521,1344,0 2157,1185,2378,1369,0 2078,1249,2261,1455,0 1887,1236,2106,1406,0 1220,1153,1444,1332,0 1114,1330,1422,1503,0 574,894,791,1199,0 742,1059,978,1302,0 607,1225,842,1485,0 154,1282,387,1497,0 2,1084,185,1318,0 1,1230,109,1404,0 435,1,742,141,0 
/d/hpc/home/ratkop/yolox/data/bee_dataset/img/GP011599_14424.jpg 73,994,335,1295,1 894,1066,1065,1323,0 1693,670,1953,865,0 1849,1015,2101,1219,0 1350,864,1642,1058,0 1326,1094,1603,1275,0 1193,993,1448,1185,0 1260,1224,1448,1384,0 1119,1195,1262,1457,0 1273,1376,1533,1502,0 1625,1292,1851,1483,0 
/d/hpc/home/ratkop/yolox/data/bee_dataset/img/GP011599_22032.jpg 1761,1235,1958,1500,1 1817,908,1985,1151,0 267,1013,507,1278,0 452,1392,624,1502,0 560,1273,838,1452,0 714,964,1029,1220,0 897,1178,1138,1345,0 1014,1316,1241,1503,0 1171,1225,1368,1470,0 1479,1159,1656,1402,0 1369,1163,1526,1402,0 1436,525,1622,817,0 1317,917,1564,1156,0 1296,795,1428,955,0 1551,897,1809,1238,0 1588,1265,1803,1474,0 1440,1401,1585,1502,0 2322,1238,2532,1392,0 2134,1232,2395,1496,0 2027,1245,2181,1460,0 2124,976,2446,1199,0 1928,764,2186,1037,0 
/d/hpc/home/ratkop/yolox/data/bee_dataset/img/GP011599_18816.jpg 254,1244,472,1498,1 1160,1005,1417,1161,0 901,280,1149,724,0 1067,706,1286,947,0 867,798,1093,1058,0 817,964,1039,1160,0 1752,897,1950,1114,0 1599,1028,1833,1279,0 1925,941,2172,1192,0 1973,1178,2103,1363,0 2226,1269,2430,1503,0 1878,1342,2102,1503,0 1620,1277,1870,1454,0 1214,1341,1412,1503,0 1021,1451,1136,1502,0 188,781,489,1022,0 139,992,404,1128,0 31,907,229,1182,0 63,1167,318,1358,0 102,1362,294,1502,0 
/d/hpc/home/ratkop/yolox/data/bee_dataset/img/GP011599_1776.jpg 749,979,998,1248,1 986,912,1205,1186,0 863,248,1136,555,0 678,249,896,532,0 1082,564,1307,823,0 910,514,1133,812,0 2049,799,2333,1001,0 1774,1101,1930,1361,0 1539,1251,1719,1503,0 1520,1077,1746,1209,0 1391,1040,1539,1359,0 1252,1026,1385,1257,0 1282,1243,1424,1466,0 1351,1326,1523,1503,0 895,1199,1083,1431,0 667,1188,937,1359,0 232,1217,439,1503,0 62,1159,274,1454,0 
/d/hpc/home/ratkop/yolox/data/bee_dataset/img/GP011599_7152.jpg 70,319,353,599,1 1971,749,2197,996,0 1,791,100,1159,0 335,1236,603,1439,0 753,1226,945,1450,0 851,1045,1040,1325,0 989,981,1215,1255,0 1034,1389,1183,1500,0 1149,1194,1348,1467,0 1330,1405,1426,1503,0 1399,1199,1663,1460,0 1411,711,1611,985,0 1520,876,1779,1183,0 1772,1109,2012,1285,0 
/d/hpc/home/ratkop/yolox/data/bee_dataset/img/GP011599_12144.jpg 562,1090,739,1366,1 1648,884,1975,1103,0 2152,915,2419,1105,0 1350,869,1625,1057,0 1401,1022,1580,1274,0 1438,1205,1744,1363,0 1388,1320,1637,1502,0 1605,1322,1803,1503,0 740,1210,947,1463,0 907,1211,1189,1467,0 1137,1379,1372,1502,0 354,1065,607,1304,0 
/d/hpc/home/ratkop/yolox/data/bee_dataset/img/GP011599_21144.jpg 269,911,563,1188,1 1178,656,1495,853,0 1768,337,2048,751,0 1452,558,1636,808,0 1640,720,1933,945,0 1729,859,1939,1063,0 1170,1276,1482,1450,0 565,585,924,821,0 627,1068,936,1226,0 674,890,985,1082,0 91,1045,249,1283,0 226,1130,498,1369,0 327,1421,418,1502,0 2397,1131,2588,1386,0 2149,1372,2392,1502,0 1890,1265,2087,1456,0 1739,1112,1974,1331,0 
/d/hpc/home/ratkop/yolox/data/bee_dataset/img/GP011599_10176.jpg 346,990,543,1253,1 474,1120,654,1422,0 556,764,808,1034,0 633,1070,887,1273,0 963,350,1218,588,0 1622,1093,1863,1260,0 1514,799,1700,1092,0 1402,952,1558,1195,0 1952,1206,2123,1410,0 1296,1198,1497,1464,1 1101,1195,1293,1415,0 150,1122,326,1398,0 4,1324,271,1503,0 223,1238,397,1503,0 
/d/hpc/home/ratkop/yolox/data/bee_dataset/img/GP011599_2040.jpg 750,695,967,1017,1 921,424,1174,692,0 2098,865,2274,1106,0 1915,1162,2084,1455,0 1741,1068,1996,1259,0 1725,1449,1791,1502,0 1587,1287,1727,1501,0 1508,1071,1716,1293,0 1335,1445,1442,1500,0 1299,1247,1450,1437,0 1262,1025,1391,1247,0 989,981,1201,1238,0 896,1234,1152,1389,0 703,1184,1024,1356,0 864,204,1053,448,0 580,134,919,321,0 
/d/hpc/home/ratkop/yolox/data/bee_dataset/img/GP011599_2928.jpg 473,1123,715,1384,1 819,1186,1078,1471,0 838,484,1049,686,0 106,1035,345,1395,0 52,1232,164,1445,0 1,1083,147,1324,0 242,1348,436,1501,0 548,1380,721,1500,0 674,1274,890,1502,0 1072,1250,1233,1502,0 1136,1398,1307,1502,0 1224,1041,1399,1255,0 1308,1239,1446,1427,0 1538,1263,1701,1489,0 1614,1083,1859,1265,0 1765,573,1939,809,0 1525,667,1820,864,0 1624,833,1914,1042,0 2128,985,2254,1307,0 1876,1130,2052,1353,0 1817,1299,2043,1502,0 
/d/hpc/home/ratkop/yolox/data/bee_dataset/img/GP011599_13200.jpg 651,1195,853,1463,1 1620,802,1881,993,0 439,216,734,479,0 670,779,990,1032,0 840,826,1149,1064,0 1248,869,1541,1080,0 1425,1024,1658,1264,0 1230,1146,1490,1301,0 1124,1353,1283,1502,0 1268,1288,1461,1503,0 1418,1337,1663,1500,0 2058,1239,2268,1502,0 1837,1255,2062,1501,0 
/d/hpc/home/ratkop/yolox/data/bee_dataset/img/GP011599_7968.jpg 1205,1242,1367,1478,1 1300,965,1567,1306,0 1858,758,2052,958,0 1708,921,1960,1063,0 1844,1004,2089,1167,0 1896,1162,2145,1411,0 1711,1106,1911,1329,0 1461,1163,1620,1385,0 1351,1293,1527,1501,0 1072,1283,1273,1476,0 1024,1372,1215,1501,0 580,1233,784,1501,0 75,1225,311,1501,0 
/d/hpc/home/ratkop/yolox/data/bee_dataset/img/GP011599_11664.jpg 238,1083,471,1388,1 1518,1004,1816,1191,0 2102,629,2298,907,0 1161,944,1451,1152,0 1098,1282,1341,1503,0 1646,1237,1823,1481,0 1485,1222,1666,1465,0 1392,1369,1626,1502,0 208,468,424,882,0 539,1269,730,1503,0 1,1250,271,1503,0 344,1318,553,1503,0 230,1312,374,1501,0 
/d/hpc/home/ratkop/yolox/data/bee_dataset/img/GP011599_6840.jpg 136,386,530,662,1 1951,627,2229,892,0 140,828,373,1137,0 353,1200,573,1464,0 812,1024,1071,1293,0 1063,1321,1299,1502,0 1772,1111,1907,1347,0 1653,1031,1852,1256,0 1555,1259,1816,1426,0 1587,997,1700,1224,0 1555,759,1732,1015,0 1369,873,1570,1119,0 
/d/hpc/home/ratkop/yolox/data/bee_dataset/img/GP011599_21192.jpg 309,938,506,1212,1 647,1045,909,1213,0 420,612,763,803,0 46,661,292,997,0 0,1041,161,1390,0 1,1337,261,1502,0 1433,617,1655,773,0 1543,756,1779,963,0 1228,812,1410,1120,0 1323,1065,1624,1231,0 1731,921,1933,1143,0 1743,1125,1972,1332,0 1892,1273,2051,1493,0 1124,1423,1279,1503,0 1307,1363,1429,1503,0 1445,1293,1660,1486,0 1428,1388,1549,1502,0 2367,1186,2592,1416,0 2145,1232,2376,1498,0 
/d/hpc/home/ratkop/yolox/data/bee_dataset/img/GP011599_15360.jpg 30,1199,275,1445,1 654,1036,977,1275,0 309,1173,517,1406,0 366,1370,566,1501,0 971,1156,1200,1335,0 1177,1367,1428,1503,0 1338,1122,1594,1333,0 1413,1341,1545,1500,0 1560,1223,1716,1501,0 1600,985,1740,1293,0 1716,1044,1894,1338,0 1813,1000,2113,1197,0 1909,857,2158,1046,0 1807,680,2024,927,0 
/d/hpc/home/ratkop/yolox/data/bee_dataset/img/GP011599_0.jpg 361,413,610,716,0 713,626,948,857,0 1459,668,1674,929,0 1680,725,1949,961,0 1864,851,2071,1106,0 1725,963,1954,1255,0 1534,1014,1711,1247,0 1389,1002,1579,1246,0 1287,1210,1448,1458,0 715,832,934,1083,0 1173,1072,1363,1267,0 897,812,1075,1027,0 1076,960,1319,1164,0 892,1068,1098,1190,0 1045,1142,1250,1321,0 51,1105,378,1433,0 819,1275,1010,1503,0 1769,1357,1974,1501,0 1,1143,135,1353,1 
/d/hpc/home/ratkop/yolox/data/bee_dataset/img/GP011599_13008.jpg 352,1076,553,1365,1 1387,992,1676,1184,0 1013,935,1194,1247,0 467,1133,650,1418,0 1574,730,1855,934,0 1669,1188,1930,1303,0 1921,1151,2064,1423,0 1505,1281,1722,1501,0 1692,1308,1844,1500,0 
/d/hpc/home/ratkop/yolox/data/bee_dataset/img/GP011599_17472.jpg 644,1266,913,1502,1 791,901,1010,1102,0 1493,778,1755,987,0 1275,775,1463,956,0 1045,683,1268,986,0 1386,885,1582,1153,0 1154,1052,1419,1211,0 1348,1189,1613,1337,0 901,1346,1023,1503,0 1730,1364,1867,1502,0 1442,1276,1716,1461,0 505,954,826,1195,0 2,1178,236,1403,0 159,1290,397,1503,0 
/d/hpc/home/ratkop/yolox/data/bee_dataset/img/GP011599_2064.jpg 625,1075,863,1362,1 921,480,1192,697,0 2094,893,2276,1145,0 1724,1097,1974,1266,0 1589,1283,1730,1501,0 1611,1033,1762,1260,0 1446,1047,1684,1288,0 1263,1022,1393,1248,0 1002,986,1233,1182,0 865,1226,1127,1404,0 762,1095,1010,1361,0 850,242,1073,469,0 687,127,991,327,0 1302,1247,1450,1440,0 1334,1439,1444,1502,0 
/d/hpc/home/ratkop/yolox/data/bee_dataset/img/GP011599_3912.jpg 364,990,666,1242,1 763,1000,987,1265,0 1378,220,1614,414,0 1610,345,1861,653,0 1562,526,1774,695,0 1252,751,1520,972,0 1217,1040,1402,1251,0 1258,1244,1456,1434,0 1484,1020,1634,1271,0 1476,1157,1730,1422,0 1647,1290,1793,1489,0 2046,1120,2238,1417,0 1893,1298,2177,1499,0 2484,1109,2687,1301,0 1013,1130,1188,1460,0 895,1370,1149,1503,0 615,1308,843,1503,0 615,975,771,1249,0 515,678,726,1000,0 388,1212,655,1367,0 232,1251,525,1460,0 103,1343,312,1503,0 
/d/hpc/home/ratkop/yolox/data/bee_dataset/img/GP011599_14472.jpg 200,1260,485,1473,1 874,1183,1099,1416,0 1,120,196,385,0 1677,680,1895,923,0 1639,869,1893,1129,0 1612,1031,1840,1242,0 1839,1109,2094,1274,0 1734,1302,2028,1471,0 1581,1170,1744,1397,0 1375,1238,1590,1478,0 1149,1315,1316,1502,0 1122,1099,1374,1342,0 
/d/hpc/home/ratkop/yolox/data/bee_dataset/img/GP011599_21456.jpg 149,947,329,1252,1 1331,814,1555,1075,0 425,788,721,1049,0 402,990,709,1178,0 782,969,999,1235,0 673,1199,890,1404,0 0,1171,169,1491,0 963,1422,1044,1502,0 1046,1279,1211,1502,0 1121,1319,1276,1502,0 1235,1452,1312,1502,0 1293,1349,1494,1501,0 1760,849,2040,1104,0 1694,1130,1923,1361,0 1883,1091,2136,1297,0 2024,1229,2302,1439,0 1847,1280,2035,1489,0 
/d/hpc/home/ratkop/yolox/data/bee_dataset/img/GP011599_960.jpg 20,1020,278,1333,1 911,860,1114,1099,0 1968,902,2133,1154,0 1781,1016,2000,1243,0 1742,1193,1932,1478,0 1881,1385,1979,1502,0 1444,1133,1724,1256,0 1292,1210,1448,1434,0 1256,767,1468,989,0 1175,1017,1372,1250,0 1002,1142,1275,1363,0 919,1242,1101,1503,0 256,1059,529,1283,0 380,926,592,1109,0 439,1005,694,1308,0 425,1275,682,1501,0 2,1247,199,1502,0 1590,1458,1659,1499,0 
/d/hpc/home/ratkop/yolox/data/bee_dataset/img/GP011599_5592.jpg 395,1084,570,1378,1 2170,461,2459,720,0 315,1309,550,1503,0 603,1356,829,1503,0 1005,1282,1192,1502,0 1227,1051,1398,1314,0 1317,1271,1515,1502,0 1610,1225,1762,1489,0 1518,882,1796,1177,0 1625,818,1881,969,0 1764,668,2027,865,0 1722,414,2009,607,0 1822,984,2068,1175,0 2009,1168,2149,1384,0 1918,1134,2030,1348,0 1745,1203,1996,1405,0 1826,1394,1998,1502,0 
/d/hpc/home/ratkop/yolox/data/bee_dataset/img/GP011599_2016.jpg 668,174,880,485,1 1457,1070,1721,1279,0 2034,507,2382,887,0 2096,901,2275,1158,0 1770,1065,2072,1271,0 1586,1274,1731,1503,0 1339,1447,1442,1503,0 1261,1020,1390,1241,0 1300,1243,1447,1439,0 963,980,1217,1274,0 923,1250,1096,1444,0 781,1195,951,1447,0 938,432,1170,686,0 829,144,1034,423,0 481,26,787,251,0 
/d/hpc/home/ratkop/yolox/data/bee_dataset/img/GP011599_14256.jpg 720,1197,979,1457,1 509,620,797,955,0 238,1133,467,1426,0 380,1280,570,1501,0 1184,1131,1356,1423,0 1226,965,1476,1226,0 1532,742,1728,1013,0 1444,909,1623,1174,0 1600,1188,1833,1434,0 1337,1315,1639,1503,0 
/d/hpc/home/ratkop/yolox/data/bee_dataset/img/GP011599_14328.jpg 28,912,388,1245,1 918,1047,1197,1260,0 337,566,585,852,0 1536,728,1731,984,0 1250,839,1460,1123,0 1456,915,1599,1180,0 1686,925,1923,1225,0 1142,1161,1294,1408,0 1588,1213,1797,1356,0 1258,1282,1484,1458,0 734,1293,1027,1493,0 246,1285,560,1489,0 
/d/hpc/home/ratkop/yolox/data/bee_dataset/img/GP011599_1992.jpg 619,0,929,242,1 919,379,1167,657,0 457,23,683,299,0 816,158,1035,410,0 805,1204,976,1453,0 924,1251,1078,1466,0 1018,1029,1251,1274,0 1038,1393,1176,1501,0 1260,1018,1392,1245,0 1298,1245,1449,1440,0 1330,1443,1441,1502,0 1584,1281,1730,1502,0 1518,1069,1735,1315,0 1738,1063,2019,1272,0 2098,876,2279,1088,0 0,1314,98,1434,0 
/d/hpc/home/ratkop/yolox/data/bee_dataset/img/GP011599_11688.jpg 37,1121,267,1392,1 1357,653,1658,947,0 2105,661,2341,931,0 1430,989,1694,1186,0 1203,956,1450,1158,0 1093,1338,1308,1503,0 1605,1222,1824,1437,0 1386,1370,1553,1501,0 1546,1328,1794,1500,0 678,1144,897,1447,0 416,961,602,1306,0 304,1007,508,1272,0 338,1319,529,1501,0 220,1350,349,1503,0 284,1181,411,1467,0 
/d/hpc/home/ratkop/yolox/data/bee_dataset/img/GP011599_6936.jpg 199,1037,485,1301,1 837,1044,1119,1243,0 105,3,379,267,0 19,392,252,736,0 48,1002,239,1301,0 352,1201,589,1447,0 1142,1171,1449,1400,0 1598,1214,1863,1409,0 1745,1084,1964,1284,0 1539,1002,1696,1212,0 1590,851,1914,1100,0 1525,772,1772,973,0 1940,686,2203,930,0 1922,983,2169,1255,0 
/d/hpc/home/ratkop/yolox/data/bee_dataset/img/GP011599_21240.jpg 271,980,511,1320,1 577,1065,861,1263,0 468,254,738,580,0 283,721,643,962,0 521,1281,706,1502,1 947,1113,1193,1350,0 1304,1003,1478,1249,0 1297,564,1591,770,0 1363,766,1616,1043,0 1725,865,1934,1091,0 1744,1098,1990,1338,0 1967,1310,2068,1502,0 1701,1326,1935,1502,0 1637,1456,1702,1502,0 2147,1108,2408,1498,0 2381,1186,2589,1425,0 
/d/hpc/home/ratkop/yolox/data/bee_dataset/img/GP011599_1800.jpg 780,1048,1017,1313,1 989,858,1202,1108,0 2105,814,2352,995,0 1780,1100,1934,1349,0 1487,1086,1756,1229,0 1727,1425,1842,1503,0 1604,1254,1721,1501,0 1421,1253,1624,1502,0 1220,1033,1403,1240,0 1278,1233,1444,1442,0 1334,1438,1462,1502,0 900,1260,1118,1390,0 673,1186,909,1362,0 777,721,996,1024,0 1111,625,1308,863,0 965,531,1123,775,0 919,283,1150,536,0 175,1235,490,1502,1 0,1282,284,1501,0 
/d/hpc/home/ratkop/yolox/data/bee_dataset/img/GP011599_3936.jpg 221,1058,477,1326,1 551,1144,838,1377,1 1305,738,1524,972,0 1410,175,1705,413,0 401,330,669,722,0 411,743,715,1002,0 482,977,748,1175,0 150,1210,420,1417,0 413,1218,669,1417,0 55,1233,266,1500,0 778,901,1020,1192,0 1009,946,1168,1260,0 908,1291,1131,1503,0 1221,1045,1385,1253,0 1286,1244,1432,1458,0 1423,1331,1600,1503,0 1479,1219,1718,1422,0 1636,1081,1859,1295,0 1650,1283,1786,1495,0 1864,1449,1967,1502,0 1896,1284,2198,1459,0 2081,1156,2279,1441,0 2476,1107,2687,1305,0 1552,507,1808,709,0 1735,414,1968,725,0 
/d/hpc/home/ratkop/yolox/data/bee_dataset/img/GP011599_18768.jpg 196,1127,416,1406,1 237,824,507,1032,0 75,7,324,337,0 1063,684,1297,950,0 1055,895,1332,1069,0 1131,1027,1410,1193,0 697,1394,819,1503,0 862,1341,1090,1503,0 1065,1378,1271,1500,0 1578,787,1829,991,0 1729,884,1940,1093,0 1957,970,2132,1236,0 2167,1169,2299,1449,0 2008,1200,2177,1422,0 1782,1316,2035,1503,0 358,991,559,1283,0 131,1003,345,1190,0 
/d/hpc/home/ratkop/yolox/data/bee_dataset/img/GP011599_10368.jpg 515,1119,731,1494,0 1241,933,1418,1224,1 1120,648,1386,874,0 1344,764,1522,1031,0 1532,843,1746,1130,0 1633,1096,1826,1336,0 1951,1075,2128,1341,0 1391,1264,1660,1449,0 1335,1010,1479,1296,0 1078,1029,1268,1212,0 924,1229,1163,1474,0 642,819,924,1123,0 404,721,611,1060,0 
/d/hpc/home/ratkop/yolox/data/bee_dataset/img/GP011599_11640.jpg 106,894,339,1158,1 1167,942,1453,1144,0 565,893,718,1150,1 1435,308,1639,607,0 1652,998,1933,1215,0 1101,1245,1380,1462,0 1498,1157,1643,1397,0 1631,1239,1820,1468,0 1353,1354,1604,1502,0 2097,618,2341,910,0 15,1284,196,1501,1 176,1282,407,1500,0 362,1346,662,1502,0 
/d/hpc/home/ratkop/yolox/data/bee_dataset/img/GP011599_10200.jpg 378,1215,550,1459,1 594,677,812,970,0 997,353,1202,592,0 1080,1197,1308,1422,0 1405,973,1567,1213,0 1510,800,1748,1104,0 1619,1095,1862,1264,0 478,1096,730,1364,0 1953,1220,2122,1417,0 1700,2,1849,211,0 262,1348,409,1501,0 
/d/hpc/home/ratkop/yolox/data/bee_dataset/img/GP011599_6888.jpg 654,1070,929,1327,1 1031,1313,1281,1483,0 10,1290,252,1502,0 355,1205,591,1439,0 847,1025,1067,1305,0 1813,496,1992,754,0 1962,707,2130,996,0 1730,855,1981,1079,0 1523,751,1715,1005,0 1384,785,1599,1057,0 1576,999,1719,1250,0 1751,1098,1957,1309,0 1685,1260,1876,1468,0 
/d/hpc/home/ratkop/yolox/data/bee_dataset/img/GP011599_720.jpg 502,1075,707,1329,1 1210,659,1416,900,0 1927,978,2151,1180,0 1852,1207,2048,1432,0 1607,1457,1704,1503,0 1197,1019,1372,1255,0 1292,1210,1439,1435,0 1450,1139,1718,1259,0 1500,1241,1791,1373,0 1654,1344,1891,1498,0 983,1259,1139,1481,0 921,1094,1104,1307,0 624,1208,779,1456,0 582,1389,704,1502,0 317,1185,542,1374,0 750,559,941,858,0 337,816,656,1018,0 269,944,496,1156,0 276,4,650,144,0 2,1296,200,1484,0 
/d/hpc/home/ratkop/yolox/data/bee_dataset/img/GP011599_9000.jpg 628,613,830,926,1 1533,555,1728,842,0 1679,851,1967,1011,0 2005,1041,2166,1250,0 1719,991,1957,1242,0 1620,1017,1796,1296,0 1672,1273,1869,1454,0 1374,1435,1522,1502,0 871,1234,1118,1448,0 912,1008,1138,1241,0 710,1084,983,1337,0 
