./data/bee_dataset/img_scale/GP011599_25104.jpg 63,201,117,303,0 222,204,258,269,0 236,120,277,175,0 338,309,386,359,0 345,354,382,403,0 312,364,353,415,0 287,343,319,398,0 255,346,294,407,0 245,386,285,415,0 131,391,156,415,0 142,331,183,396,0 83,263,138,305,0 92,287,118,358,0 69,297,95,386,0 11,268,65,330,0 16,332,67,388,0 0,281,24,349,0 298,270,341,325,0 
./data/bee_dataset/img_scale/GP011599_18840.jpg 126,269,156,343,0 52,288,96,358,0 164,214,197,273,0 168,287,212,331,0 271,241,303,297,0 298,256,328,328,0 284,301,318,350,0 340,331,368,391,0 262,305,295,374,0 290,372,322,411,0 247,371,288,405,0 198,365,215,415,0 148,320,181,392,0 104,259,131,317,0 12,238,64,299,0 31,270,67,331,0 17,294,55,344,0 40,360,73,416,0 13,349,45,415,0 
./data/bee_dataset/img_scale/GP011599_1824.jpg 128,307,167,362,0 192,286,215,346,0 326,226,366,276,0 275,305,302,373,0 237,302,272,338,0 243,347,267,415,0 268,401,283,415,0 199,342,224,399,0 232,399,245,415,0 204,400,224,416,0 139,353,176,384,0 99,328,135,373,0 162,238,189,315,0 136,254,162,320,0 173,161,202,232,0 145,93,178,154,0 125,127,166,203,0 14,343,61,403,0 
./data/bee_dataset/img_scale/GP011599_7200.jpg 26,327,61,410,0 222,187,255,261,0 306,217,346,284,0 274,307,310,354,0 219,274,266,359,0 226,348,252,416,0 204,353,229,415,0 180,331,209,407,0 157,287,198,351,0 139,294,164,382,0 90,297,141,364,0 54,342,95,398,0 5,365,29,415,0 65,171,114,238,0 17,197,76,269,0 0,304,29,385,0 
./data/bee_dataset/img_scale/GP011599_19152.jpg 124,218,162,291,0 152,176,191,238,0 312,253,338,328,0 295,332,333,379,0 262,238,302,295,0 269,290,314,348,0 228,393,264,416,0 185,402,204,415,0 192,213,227,284,0 82,241,124,291,0 128,220,140,234,0 120,257,138,307,0 99,293,145,357,0 133,270,173,312,0 42,305,86,357,0 34,275,85,323,0 79,396,97,415,0 12,356,49,412,0 
./data/bee_dataset/img_scale/GP011599_14232.jpg 85,284,127,352,0 104,58,149,155,0 238,226,272,302,0 216,270,249,343,0 185,309,209,383,0 206,301,237,376,0 243,339,274,400,0 264,374,288,415,0 107,352,152,407,0 10,368,34,415,0 34,384,63,415,0 56,377,84,416,0 
./data/bee_dataset/img_scale/GP011599_13896.jpg 26,271,51,342,0 180,270,228,327,0 241,240,290,294,0 253,295,284,356,0 331,309,362,385,0 295,367,313,415,0 214,344,261,393,0 247,363,281,415,0 188,307,228,360,0 97,352,124,415,0 32,351,77,415,0 57,280,105,305,0 44,256,69,330,0 
./data/bee_dataset/img_scale/GP011599_6960.jpg 39,244,75,329,0 189,327,225,392,0 33,208,72,248,0 12,389,41,415,0 37,392,65,415,0 55,333,90,399,0 132,289,167,354,0 300,195,338,273,0 235,215,267,282,0 271,269,322,331,0 239,277,262,344,0 254,308,273,369,0 268,306,310,347,0 298,329,335,403,0 
./data/bee_dataset/img_scale/GP011599_19848.jpg 50,334,88,398,0 122,342,157,410,0 268,241,307,301,0 274,317,298,393,0 319,347,350,402,0 224,231,268,298,0 243,273,270,342,0 300,120,343,189,0 366,239,407,296,0 3,45,62,171,0 54,274,83,349,0 0,284,41,340,0 79,369,99,415,0 32,385,67,415,0 0,365,24,415,0 16,333,53,383,0 
./data/bee_dataset/img_scale/GP011599_8616.jpg 68,304,106,378,0 183,310,232,368,0 309,252,339,311,0 275,208,307,285,0 246,304,288,354,0 279,327,308,389,0 289,400,307,415,0 249,353,283,415,0 218,370,248,415,0 184,364,214,415,0 152,328,179,415,0 2,291,33,371,0 26,299,70,355,0 3,363,46,414,0 
./data/bee_dataset/img_scale/GP011599_7248.jpg 29,321,60,401,0 54,205,101,294,0 305,221,334,293,0 236,171,280,241,0 270,312,303,354,0 236,356,254,415,0 198,306,239,363,0 189,357,214,415,0 154,341,198,389,0 136,300,167,387,0 85,58,118,146,0 44,107,89,154,0 21,160,67,221,0 26,245,70,320,0 54,342,88,409,0 4,340,34,416,0 0,273,28,340,0 29,299,69,340,0 
./data/bee_dataset/img_scale/GP011599_9384.jpg 133,328,173,409,0 163,60,214,126,0 5,401,25,416,0 32,315,72,379,0 71,342,98,414,0 277,145,316,212,0 236,181,281,231,0 268,189,305,269,0 234,225,269,264,0 239,265,277,320,0 256,313,282,378,0 310,310,335,374,0 
./data/bee_dataset/img_scale/GP011599_18792.jpg 30,314,62,395,0 137,259,180,305,0 158,10,188,96,0 164,209,197,262,0 185,284,219,332,0 145,385,170,416,0 182,382,224,415,0 246,217,276,304,0 272,245,298,313,0 304,281,339,337,0 315,328,334,385,0 320,348,346,408,0 254,359,296,410,0 71,379,98,416,0 16,177,49,249,0 28,217,76,281,0 19,279,58,316,0 21,369,47,416,0 0,319,31,382,0 
./data/bee_dataset/img_scale/GP011599_19560.jpg 52,313,90,385,0 41,244,78,308,0 268,178,311,246,0 271,253,309,302,0 277,302,305,368,0 226,259,261,330,0 253,343,279,416,0 209,282,235,372,0 334,328,368,379,0 322,345,350,402,0 292,342,326,389,0 189,319,224,368,0 172,368,220,416,0 89,247,122,332,0 115,293,151,360,0 94,339,130,411,0 24,355,60,414,0 0,300,29,365,0 0,340,17,388,0 67,0,115,39,0 
./data/bee_dataset/img_scale/GP011599_14424.jpg 11,275,52,358,0 138,295,165,366,0 262,185,302,239,0 286,281,325,337,0 209,239,254,293,0 205,303,248,353,0 185,275,224,328,0 195,339,224,383,0 173,331,195,403,0 197,381,237,415,0 252,357,286,410,0 
./data/bee_dataset/img_scale/GP011599_22032.jpg 272,342,303,415,0 281,251,307,318,0 41,280,78,354,0 70,385,97,415,0 87,352,130,401,0 110,267,159,337,0 139,326,176,372,0 157,364,192,416,0 181,339,212,407,0 229,320,256,388,0 212,322,236,388,0 222,145,251,226,0 204,254,242,320,0 201,220,221,264,0 240,248,280,342,0 246,350,279,408,0 223,388,245,415,0 359,342,392,385,0 330,341,371,414,0 314,344,338,404,0 329,270,379,332,0 298,211,338,287,0 
./data/bee_dataset/img_scale/GP011599_18816.jpg 39,344,73,414,0 180,278,219,321,0 139,77,178,200,0 165,195,199,262,0 134,221,169,293,0 126,267,161,321,0 271,248,302,308,0 248,284,284,354,0 298,260,336,330,0 305,326,326,377,0 344,351,376,416,0 291,371,325,416,0 251,353,289,402,0 188,371,218,416,0 158,401,176,415,0 29,216,76,283,0 22,275,62,312,0 5,251,35,327,0 10,323,49,375,0 16,377,46,415,0 
./data/bee_dataset/img_scale/GP011599_1776.jpg 116,271,154,345,0 153,252,186,328,0 134,69,176,154,0 105,69,139,147,0 167,156,202,228,0 141,142,175,225,0 317,221,361,277,0 275,305,299,376,0 238,346,266,416,0 235,298,270,334,0 215,288,238,376,0 194,284,214,348,0 198,344,220,406,0 209,367,236,416,0 138,332,168,396,0 103,329,145,376,0 36,337,68,416,0 10,320,42,402,0 
./data/bee_dataset/img_scale/GP011599_7152.jpg 11,88,55,166,0 305,207,340,276,0 0,219,16,320,0 52,342,93,398,0 116,339,146,401,0 132,289,161,366,0 153,271,188,347,0 160,384,183,415,0 178,330,209,406,0 206,389,221,416,0 216,332,257,404,0 218,197,249,272,0 235,242,275,327,0 274,307,311,356,0 
./data/bee_dataset/img_scale/GP011599_12144.jpg 87,302,114,378,0 255,244,306,305,0 333,253,374,306,0 209,240,252,292,0 217,283,244,353,0 223,333,270,377,0 215,365,253,415,0 248,366,279,416,0 114,335,147,405,0 140,335,184,406,0 176,382,212,415,0 55,294,94,361,0 
./data/bee_dataset/img_scale/GP011599_21144.jpg 42,252,87,329,0 182,181,231,236,0 274,93,317,208,0 225,154,253,224,0 254,199,299,261,0 268,238,300,294,0 181,353,229,401,0 87,162,143,227,0 97,295,145,339,0 104,246,152,299,0 14,289,38,355,0 35,313,77,379,0 51,393,65,415,0 371,313,400,383,0 333,380,370,415,0 292,350,323,403,0 269,308,306,368,0 
./data/bee_dataset/img_scale/GP011599_10176.jpg 54,274,84,346,0 73,310,101,393,0 86,211,125,286,0 98,296,137,352,0 149,97,188,163,0 251,302,288,348,0 234,221,263,302,0 217,263,241,331,0 302,334,329,390,0 201,331,232,405,0 170,331,200,391,0 23,310,50,387,0 1,366,42,416,0 34,342,61,416,0 
./data/bee_dataset/img_scale/GP011599_2040.jpg 116,192,150,281,0 142,117,182,191,0 325,239,352,306,0 296,321,322,402,0 269,295,309,348,0 267,401,277,415,0 246,356,267,415,0 233,296,266,358,0 207,400,223,415,0 201,345,224,397,0 195,284,215,345,0 153,271,186,342,0 139,341,178,384,0 109,328,158,375,0 134,56,163,124,0 90,37,142,89,0 
./data/bee_dataset/img_scale/GP011599_2928.jpg 73,311,111,383,0 127,328,167,407,0 130,134,162,190,0 16,286,53,386,0 8,341,25,400,0 0,300,23,366,0 37,373,68,415,0 85,382,112,415,0 104,353,138,415,0 166,346,191,415,0 176,387,202,415,0 189,288,216,347,0 202,343,224,395,0 238,349,263,412,0 250,300,288,350,0 273,158,300,224,0 236,184,282,239,0 251,230,296,288,0 329,272,349,362,0 290,313,318,374,0 281,359,316,415,0 
./data/bee_dataset/img_scale/GP011599_13200.jpg 101,331,132,405,0 251,222,291,275,0 68,60,114,132,0 104,215,153,285,0 130,229,178,294,0 193,240,238,299,0 220,283,257,349,0 190,317,231,360,0 174,374,199,415,0 196,356,226,416,0 219,370,257,415,0 318,343,351,415,0 284,347,319,415,0 
./data/bee_dataset/img_scale/GP011599_7968.jpg 186,343,212,409,0 201,267,242,361,0 288,210,318,265,0 264,255,303,294,0 285,278,323,323,0 293,321,332,390,0 265,306,296,368,0 226,322,251,383,0 209,358,236,415,0 166,355,197,408,0 158,380,188,415,0 90,341,121,415,0 12,339,48,415,0 
./data/bee_dataset/img_scale/GP011599_11664.jpg 37,300,73,384,0 235,278,281,330,0 325,174,356,251,0 180,261,225,319,0 170,355,208,416,0 255,342,282,410,0 230,338,258,405,0 215,379,252,415,0 32,129,66,244,0 83,351,113,416,0 0,346,42,416,0 53,365,86,416,0 36,363,58,415,0 
./data/bee_dataset/img_scale/GP011599_6840.jpg 21,107,82,183,0 302,174,345,247,0 22,229,58,314,0 55,332,89,405,0 126,283,166,358,0 164,365,201,415,0 274,307,295,372,0 256,285,287,347,0 241,348,281,394,0 246,276,263,339,0 241,210,268,281,0 212,241,243,310,0 
./data/bee_dataset/img_scale/GP011599_21192.jpg 48,259,78,335,0 100,289,141,336,0 65,169,118,222,0 7,183,45,276,0 0,288,25,385,0 0,370,40,415,0 222,171,256,214,0 239,209,275,266,0 190,225,218,310,0 205,294,251,340,0 268,255,299,316,0 270,311,305,368,0 293,352,317,413,0 174,394,198,416,0 202,377,221,416,0 224,358,257,411,0 221,384,240,415,0 366,328,401,392,0 332,341,368,414,0 
./data/bee_dataset/img_scale/GP011599_15360.jpg 5,332,43,400,0 101,287,151,353,0 48,324,80,389,0 57,379,88,415,0 150,320,186,369,0 182,378,221,416,0 207,310,247,369,0 219,371,239,415,0 241,338,266,415,0 248,272,269,358,0 266,289,293,370,0 281,277,327,331,0 295,237,334,289,0 280,188,313,256,0 
./data/bee_dataset/img_scale/GP011599_0.jpg 56,114,94,198,0 110,173,147,237,0 226,185,259,257,0 260,201,302,266,0 288,235,320,306,0 267,266,302,347,0 237,281,265,345,0 215,277,244,345,0 199,335,224,403,0 111,230,145,300,0 182,296,211,350,0 139,225,166,284,0 166,265,204,322,0 138,295,170,329,0 162,316,193,365,0 8,306,58,396,0 127,353,156,416,0 274,375,306,415,0 0,316,21,374,0 
./data/bee_dataset/img_scale/GP011599_13008.jpg 54,297,86,378,0 215,275,259,328,0 157,259,185,345,0 72,313,101,392,0 244,202,287,258,0 258,329,299,360,0 297,318,319,394,0 233,354,266,415,0 262,362,285,415,0 
./data/bee_dataset/img_scale/GP011599_17472.jpg 100,350,141,415,0 122,249,156,305,0 231,215,272,273,0 197,214,226,264,0 162,189,196,273,0 214,245,245,319,0 179,291,220,335,0 209,329,250,370,0 139,372,158,416,0 268,377,289,415,0 223,353,266,404,0 78,264,128,331,0 0,326,36,388,0 25,357,61,416,0 
./data/bee_dataset/img_scale/GP011599_2064.jpg 97,297,134,377,0 142,133,184,193,0 324,247,352,317,0 267,304,306,350,0 246,355,268,415,0 249,286,273,348,0 224,290,261,356,0 196,283,216,345,0 155,273,191,327,0 134,339,174,388,0 118,303,156,376,0 132,67,166,130,0 106,35,153,90,0 202,345,224,398,0 206,398,224,415,0 
./data/bee_dataset/img_scale/GP011599_3912.jpg 56,274,103,343,0 118,277,153,350,0 213,61,250,114,0 249,96,288,181,0 242,146,275,192,0 194,208,235,269,0 188,288,217,346,0 195,344,225,397,0 230,282,253,352,0 228,320,268,393,0 255,357,278,412,0 317,310,346,392,0 293,359,337,415,0 384,307,416,360,0 157,313,184,404,0 138,379,178,416,0 95,362,130,416,0 95,270,119,345,0 80,187,112,277,0 60,335,101,378,0 36,346,81,404,0 16,371,48,416,0 
./data/bee_dataset/img_scale/GP011599_14472.jpg 31,348,75,408,0 135,327,170,392,0 0,33,30,106,0 260,188,293,255,0 254,240,293,312,0 250,285,285,343,0 285,307,324,353,0 268,360,314,407,0 245,323,270,386,0 213,342,246,409,0 178,364,204,415,0 174,304,213,371,0 
./data/bee_dataset/img_scale/GP011599_21456.jpg 23,262,51,346,0 206,225,241,297,0 66,218,112,290,0 62,274,110,326,0 121,268,155,342,0 104,332,138,388,0 0,324,26,412,0 149,393,162,415,0 162,354,187,415,0 174,365,198,415,0 191,401,203,415,0 200,373,231,415,0 272,235,316,305,0 262,313,298,376,0 291,302,331,359,0 313,340,356,398,0 286,354,315,412,0 
./data/bee_dataset/img_scale/GP011599_960.jpg 3,282,43,369,0 141,238,172,304,0 305,250,330,319,0 276,281,310,344,0 270,330,299,409,0 291,383,306,415,0 224,313,267,347,0 200,335,224,397,0 194,212,227,274,0 182,281,212,346,0 155,316,197,377,0 142,343,170,416,0 40,293,82,355,0 59,256,92,307,0 68,278,107,362,0 66,353,106,415,0 0,345,31,415,0 246,403,257,415,0 
./data/bee_dataset/img_scale/GP011599_5592.jpg 61,300,88,381,0 336,128,381,199,0 49,362,85,416,0 93,375,128,416,0 156,355,184,415,0 190,291,216,363,0 204,352,234,415,0 249,339,273,412,0 235,244,278,326,0 252,226,291,268,0 273,185,314,239,0 266,114,311,168,0 282,272,320,325,0 311,323,333,383,0 297,314,314,373,0 270,333,309,389,0 283,386,309,415,0 
./data/bee_dataset/img_scale/GP011599_2016.jpg 103,48,136,134,0 226,296,266,354,0 315,140,369,245,0 324,249,352,320,0 274,294,321,352,0 245,353,268,416,0 207,400,223,416,0 195,282,215,343,0 201,344,224,398,0 149,271,188,353,0 143,346,170,399,0 121,331,147,400,0 145,120,181,190,0 128,40,160,117,0 74,7,122,70,0 
./data/bee_dataset/img_scale/GP011599_14256.jpg 111,331,152,403,0 79,172,123,264,0 37,313,72,394,0 59,354,88,415,0 183,313,210,394,0 190,267,228,339,0 237,205,267,280,0 224,252,251,325,0 248,329,284,397,0 207,364,254,416,0 
./data/bee_dataset/img_scale/GP011599_14328.jpg 4,252,60,344,0 142,290,185,348,0 52,157,90,236,0 238,201,268,272,0 193,232,226,311,0 225,253,248,327,0 261,256,298,339,0 177,321,200,389,0 246,336,278,375,0 195,355,230,403,0 114,358,159,413,0 38,356,87,412,0 
./data/bee_dataset/img_scale/GP011599_1992.jpg 96,0,144,67,0 142,105,181,182,0 71,6,106,83,0 126,44,160,113,0 125,333,151,402,0 143,346,167,406,0 158,285,194,353,0 161,385,182,415,0 195,282,215,344,0 201,344,224,398,0 206,399,223,415,0 245,354,268,415,0 235,296,268,364,0 269,294,312,352,0 325,242,353,301,0 0,363,15,397,0 
./data/bee_dataset/img_scale/GP011599_11688.jpg 6,310,41,385,0 210,181,257,262,0 326,183,362,258,0 221,274,262,328,0 186,264,224,320,0 169,370,202,416,0 248,338,282,397,0 214,379,240,415,0 239,367,278,415,0 105,316,139,400,0 64,266,93,361,0 47,279,79,352,0 52,365,82,415,0 34,373,54,416,0 44,327,64,406,0 