./data/bee_dataset/img_scale/GP011599_10176.jpg 54,274,84,346,1 73,310,101,393,0 86,211,125,286,0 98,296,137,352,0 149,97,188,163,0 251,302,288,348,0 234,221,263,302,0 217,263,241,331,0 302,334,329,390,0 201,331,232,405,1 170,331,200,391,0 23,310,50,387,0 1,366,42,416,0 34,342,61,416,0 
./data/bee_dataset/img_scale/GP011599_18792.jpg 30,314,62,395,1 137,259,180,305,0 158,10,188,96,0 164,209,197,262,0 185,284,219,332,0 145,385,170,416,0 182,382,224,415,0 246,217,276,304,0 272,245,298,313,0 304,281,339,337,0 315,328,334,385,0 320,348,346,408,0 254,359,296,410,0 71,379,98,416,0 16,177,49,249,0 28,217,76,281,0 19,279,58,316,0 21,369,47,416,0 0,319,31,382,0 
./data/bee_dataset/img_scale/GP011599_600.jpg 202,330,224,394,1 182,186,218,250,0 97,101,147,173,0 16,328,59,386,0 0,284,17,369,0 76,343,112,411,0 52,274,81,349,0 41,232,94,288,0 140,294,175,338,0 130,333,174,398,0 181,282,212,353,0 186,353,219,415,0 221,317,265,366,0 244,340,288,404,0 261,281,302,363,0 298,265,328,321,0 298,375,320,415,0 
./data/bee_dataset/img_scale/GP011599_6840.jpg 21,107,82,183,1 302,174,345,247,0 22,229,58,314,0 55,332,89,405,0 126,283,166,358,0 164,365,201,415,0 274,307,295,372,0 256,285,287,347,0 241,348,281,394,0 246,276,263,339,0 241,210,268,281,0 212,241,243,310,0 
./data/bee_dataset/img_scale/GP011599_21144.jpg 42,252,87,329,1 182,181,231,236,0 274,93,317,208,0 225,154,253,224,0 254,199,299,261,0 268,238,300,294,0 181,353,229,401,0 87,162,143,227,0 97,295,145,339,0 104,246,152,299,0 14,289,38,355,0 35,313,77,379,0 51,393,65,415,0 371,313,400,383,0 333,380,370,415,0 292,350,323,403,0 269,308,306,368,0 
./data/bee_dataset/img_scale/GP011599_21168.jpg 54,261,83,336,1 109,288,148,335,0 44,43,85,121,0 92,163,133,225,0 182,194,221,266,0 223,158,253,219,0 249,197,276,270,0 268,246,298,306,0 291,349,319,415,0 270,310,305,368,0 365,313,394,398,0 332,357,381,416,0 173,293,206,362,0 201,339,219,409,0 218,356,258,409,0 3,331,36,404,0 39,374,63,415,0 
./data/bee_dataset/img_scale/GP011599_8976.jpg 249,175,277,259,0 270,227,311,286,0 310,287,338,346,0 269,281,304,355,0 250,284,277,359,0 242,366,284,415,0 215,343,245,413,0 146,276,170,344,0 161,306,182,337,0 104,308,139,389,0 89,393,106,415,0 43,362,79,415,1 0,25,31,111,0 
./data/bee_dataset/img_scale/GP011599_9384.jpg 133,328,173,409,1 163,60,214,126,0 5,401,25,416,0 32,315,72,379,0 71,342,98,414,0 277,145,316,212,0 236,181,281,231,0 268,189,305,269,0 234,225,269,264,0 239,265,277,320,0 256,313,282,378,0 310,310,335,374,0 
./data/bee_dataset/img_scale/GP011599_1824.jpg 128,307,167,362,1 192,286,215,346,0 326,226,366,276,0 275,305,302,373,0 237,302,272,338,0 243,347,267,415,0 268,401,283,415,0 199,342,224,399,0 232,399,245,415,0 204,400,224,416,0 139,353,176,384,0 99,328,135,373,0 162,238,189,315,0 136,254,162,320,0 173,161,202,232,0 145,93,178,154,0 125,127,166,203,0 14,343,61,403,0 
./data/bee_dataset/img_scale/GP011599_2064.jpg 97,297,134,377,1 142,133,184,193,0 324,247,352,317,0 267,304,306,350,0 246,355,268,415,0 249,286,273,348,0 224,290,261,356,0 196,283,216,345,0 155,273,191,327,0 134,339,174,388,0 118,303,156,376,0 132,67,166,130,0 106,35,153,90,0 202,345,224,398,0 206,398,224,415,0 
./data/bee_dataset/img_scale/GP011599_1776.jpg 116,271,154,345,1 153,252,186,328,0 134,69,176,154,0 105,69,139,147,0 167,156,202,228,0 141,142,175,225,0 317,221,361,277,0 275,305,299,376,0 238,346,266,416,0 235,298,270,334,0 215,288,238,376,0 194,284,214,348,0 198,344,220,406,0 209,367,236,416,0 138,332,168,396,0 103,329,145,376,0 36,337,68,416,0 10,320,42,402,0 
./data/bee_dataset/img_scale/GP011599_21240.jpg 42,271,79,365,1 89,294,133,349,0 72,70,114,160,0 44,200,100,266,0 81,354,109,415,1 147,308,185,373,0 202,278,229,345,0 201,156,246,213,0 211,212,250,288,0 267,239,299,302,0 270,304,308,370,0 304,362,320,415,0 263,367,300,415,0 253,403,263,415,0 332,307,373,414,0 368,328,401,394,0 
./data/bee_dataset/img_scale/GP011599_9960.jpg 2,313,40,401,1 33,231,84,313,1 168,214,212,262,0 309,345,351,394,0 280,388,307,416,0 245,349,281,406,0 254,298,293,348,0 232,242,271,314,0 213,271,241,342,0 174,359,202,416,0 80,167,126,233,0 72,230,108,305,0 47,387,89,416,0 
./data/bee_dataset/img_scale/GP011599_7968.jpg 186,343,212,409,1 201,267,242,361,0 288,210,318,265,0 264,255,303,294,0 285,278,323,323,0 293,321,332,390,0 265,306,296,368,0 226,322,251,383,0 209,358,236,415,0 166,355,197,408,0 158,380,188,415,0 90,341,121,415,0 12,339,48,415,0 
./data/bee_dataset/img_scale/GP011599_13896.jpg 26,271,51,342,1 180,270,228,327,0 241,240,290,294,0 253,295,284,356,0 331,309,362,385,0 295,367,313,415,0 214,344,261,393,0 247,363,281,415,0 188,307,228,360,0 97,352,124,415,0 32,351,77,415,0 57,280,105,305,0 44,256,69,330,0 
./data/bee_dataset/img_scale/GP011599_3936.jpg 34,293,74,367,1 85,316,130,381,1 202,204,236,269,0 218,48,264,114,0 62,91,104,200,0 64,206,111,277,0 75,270,116,325,0 23,335,65,392,0 64,337,104,392,0 8,341,41,415,0 120,249,158,330,0 156,262,181,348,0 140,357,175,416,0 189,289,214,346,0 199,344,222,403,0 220,368,248,416,0 229,337,266,393,0 253,299,288,358,0 255,355,276,414,0 288,401,304,415,0 293,355,340,404,0 322,320,353,398,0 383,306,416,361,0 240,140,280,196,0 268,114,305,201,0 
./data/bee_dataset/img_scale/GP011599_14328.jpg 4,252,60,344,1 142,290,185,348,0 52,157,90,236,0 238,201,268,272,0 193,232,226,311,0 225,253,248,327,0 261,256,298,339,0 177,321,200,389,0 246,336,278,375,0 195,355,230,403,0 114,358,159,413,0 38,356,87,412,0 
./data/bee_dataset/img_scale/GP011599_7200.jpg 26,327,61,410,1 222,187,255,261,0 306,217,346,284,0 274,307,310,354,0 219,274,266,359,0 226,348,252,416,0 204,353,229,415,0 180,331,209,407,0 157,287,198,351,0 139,294,164,382,0 90,297,141,364,0 54,342,95,398,0 5,365,29,415,0 65,171,114,238,0 17,197,76,269,0 0,304,29,385,0 
./data/bee_dataset/img_scale/GP011599_13176.jpg 67,288,107,373,1 126,236,177,302,0 259,222,295,267,0 224,239,263,294,0 219,271,254,338,0 184,315,230,375,0 198,360,224,415,0 226,350,253,415,0 256,377,287,416,0 287,371,308,415,0 318,328,351,397,0 350,278,382,381,0 88,259,136,304,0 
./data/bee_dataset/img_scale/GP011599_7152.jpg 11,88,55,166,1 305,207,340,276,0 0,219,16,320,0 52,342,93,398,0 116,339,146,401,0 132,289,161,366,0 153,271,188,347,0 160,384,183,415,0 178,330,209,406,0 206,389,221,416,0 216,332,257,404,0 218,197,249,272,0 235,242,275,327,0 274,307,311,356,0 
./data/bee_dataset/img_scale/GP011599_5616.jpg 69,326,101,398,1 338,138,376,223,0 274,186,318,245,0 304,128,346,182,0 252,222,289,269,0 292,272,327,342,0 250,280,283,343,0 285,299,308,350,0 271,343,311,372,0 275,363,317,399,0 249,339,272,409,0 224,366,250,415,0 201,364,225,416,0 194,293,217,364,0 165,328,206,391,0 107,364,138,415,0 50,362,90,416,1 0,315,28,394,0 12,348,53,415,0 
./data/bee_dataset/img_scale/GP011599_13008.jpg 54,297,86,378,1 215,275,259,328,0 157,259,185,345,0 72,313,101,392,0 244,202,287,258,0 258,329,299,360,0 297,318,319,394,0 233,354,266,415,0 262,362,285,415,0 
./data/bee_dataset/img_scale/GP011599_1992.jpg 96,0,144,67,1 142,105,181,182,0 71,6,106,83,0 126,44,160,113,0 125,333,151,402,0 143,346,167,406,0 158,285,194,353,0 161,385,182,415,0 195,282,215,344,0 201,344,224,398,0 206,399,223,415,0 245,354,268,415,0 235,296,268,364,0 269,294,312,352,0 325,242,353,301,0 0,363,15,397,0 
./data/bee_dataset/img_scale/GP011599_21456.jpg 23,262,51,346,1 206,225,241,297,0 66,218,112,290,0 62,274,110,326,0 121,268,155,342,0 104,332,138,388,0 0,324,26,412,0 149,393,162,415,0 162,354,187,415,0 174,365,198,415,0 191,401,203,415,0 200,373,231,415,0 272,235,316,305,0 262,313,298,376,0 291,302,331,359,0 313,340,356,398,0 286,354,315,412,0 
./data/bee_dataset/img_scale/GP011599_11664.jpg 37,300,73,384,1 235,278,281,330,0 325,174,356,251,0 180,261,225,319,0 170,355,208,416,0 255,342,282,410,0 230,338,258,405,0 215,379,252,415,0 32,129,66,244,0 83,351,113,416,0 0,346,42,416,0 53,365,86,416,0 36,363,58,415,0 
./data/bee_dataset/img_scale/GP011599_19848.jpg 50,334,88,398,1 122,342,157,410,0 268,241,307,301,0 274,317,298,393,0 319,347,350,402,0 224,231,268,298,0 243,273,270,342,0 300,120,343,189,0 366,239,407,296,0 3,45,62,171,0 54,274,83,349,0 0,284,41,340,0 79,369,99,415,0 32,385,67,415,0 0,365,24,415,0 16,333,53,383,0 
./data/bee_dataset/img_scale/GP011599_6888.jpg 101,296,144,367,1 160,363,198,410,0 2,357,39,415,0 55,333,92,398,0 131,284,165,361,0 281,137,308,209,0 304,196,330,276,0 268,236,307,298,0 236,208,265,278,0 214,217,248,292,0 244,276,266,346,0 271,304,303,362,0 261,348,290,406,0 
./data/bee_dataset/img_scale/GP011599_14256.jpg 111,331,152,403,1 79,172,123,264,0 37,313,72,394,0 59,354,88,415,0 183,313,210,394,0 190,267,228,339,0 237,205,267,280,0 224,252,251,325,0 248,329,284,397,0 207,364,254,416,0 
./data/bee_dataset/img_scale/GP011599_19560.jpg 52,313,90,385,1 41,244,78,308,0 268,178,311,246,0 271,253,309,302,0 277,302,305,368,0 226,259,261,330,0 253,343,279,416,0 209,282,235,372,0 334,328,368,379,0 322,345,350,402,0 292,342,326,389,0 189,319,224,368,0 172,368,220,416,0 89,247,122,332,0 115,293,151,360,0 94,339,130,411,0 24,355,60,414,0 0,300,29,365,0 0,340,17,388,0 67,0,115,39,0 
./data/bee_dataset/img_scale/GP011599_8616.jpg 68,304,106,378,1 183,310,232,368,0 309,252,339,311,0 275,208,307,285,0 246,304,288,354,0 279,327,308,389,0 289,400,307,415,0 249,353,283,415,0 218,370,248,415,0 184,364,214,415,0 152,328,179,415,0 2,291,33,371,0 26,299,70,355,0 3,363,46,414,0 
./data/bee_dataset/img_scale/GP011599_10152.jpg 24,210,73,297,1 68,228,120,281,0 84,272,117,337,0 170,54,212,124,0 108,291,147,391,0 175,328,222,397,0 218,262,241,327,0 234,226,261,303,0 251,302,288,348,0 302,323,329,392,0 0,333,29,408,0 0,160,25,209,0 
./data/bee_dataset/img_scale/GP011599_6960.jpg 39,244,75,329,1 189,327,225,392,0 33,208,72,248,0 12,389,41,415,0 37,392,65,415,0 55,333,90,399,0 132,289,167,354,0 300,195,338,273,0 235,215,267,282,0 271,269,322,331,0 239,277,262,344,0 254,308,273,369,0 268,306,310,347,0 298,329,335,403,0 
./data/bee_dataset/img_scale/GP011599_720.jpg 78,297,109,368,1 187,182,219,249,0 298,270,333,327,0 287,334,317,396,0 249,403,264,416,0 185,282,212,347,0 200,335,223,397,0 224,315,266,348,0 232,343,277,380,0 256,372,293,414,0 152,348,176,410,0 142,303,171,362,0 97,334,121,403,0 90,384,109,415,0 49,328,84,380,0 116,155,146,237,0 52,226,102,282,0 42,261,77,320,0 43,1,101,40,0 0,359,31,411,0 
./data/bee_dataset/img_scale/GP011599_10200.jpg 58,336,85,404,1 92,187,126,268,0 154,98,186,164,0 167,331,202,393,0 217,269,242,336,0 234,221,270,305,0 251,303,288,349,0 74,303,113,377,0 302,337,328,392,0 263,1,286,58,0 41,373,63,415,0 
./data/bee_dataset/img_scale/GP011599_960.jpg 3,282,43,369,1 141,238,172,304,0 305,250,330,319,0 276,281,310,344,0 270,330,299,409,0 291,383,306,415,0 224,313,267,347,0 200,335,224,397,0 194,212,227,274,0 182,281,212,346,0 155,316,197,377,0 142,343,170,416,0 40,293,82,355,0 59,256,92,307,0 68,278,107,362,0 66,353,106,415,0 0,345,31,415,0 246,403,257,415,0 
./data/bee_dataset/img_scale/GP011599_19152.jpg 124,218,162,291,1 152,176,191,238,0 312,253,338,328,0 295,332,333,379,0 262,238,302,295,0 269,290,314,348,0 228,393,264,416,0 185,402,204,415,0 192,213,227,284,0 82,241,124,291,0 128,220,140,234,0 120,257,138,307,0 99,293,145,357,0 133,270,173,312,0 42,305,86,357,1 34,275,85,323,0 79,396,97,415,0 12,356,49,412,0 
./data/bee_dataset/img_scale/GP011599_2016.jpg 103,48,136,134,1 226,296,266,354,0 315,140,369,245,0 324,249,352,320,0 274,294,321,352,0 245,353,268,416,0 207,400,223,416,0 195,282,215,343,0 201,344,224,398,0 149,271,188,353,0 143,346,170,399,0 121,331,147,400,0 145,120,181,190,0 128,40,160,117,0 74,7,122,70,0 
./data/bee_dataset/img_scale/GP011599_11688.jpg 6,310,41,385,1 210,181,257,262,0 326,183,362,258,0 221,274,262,328,0 186,264,224,320,0 169,370,202,416,0 248,338,282,397,0 214,379,240,415,0 239,367,278,415,0 105,316,139,400,0 64,266,93,361,0 47,279,79,352,0 52,365,82,415,0 34,373,54,416,0 44,327,64,406,0 
./data/bee_dataset/img_scale/GP011599_14424.jpg 11,275,52,358,1 138,295,165,366,0 262,185,302,239,0 286,281,325,337,0 209,239,254,293,0 205,303,248,353,0 185,275,224,328,0 195,339,224,383,0 173,331,195,403,0 197,381,237,415,0 252,357,286,410,0 
./data/bee_dataset/img_scale/GP011599_1800.jpg 121,290,157,363,1 153,237,186,307,0 326,225,364,275,0 276,304,299,373,0 230,301,272,340,0 267,394,285,416,0 248,347,266,415,0 220,346,251,415,0 189,286,217,343,0 198,341,224,399,0 206,398,226,415,0 139,348,173,385,0 104,328,141,377,0 120,200,154,283,0 172,173,202,239,0 149,147,174,214,0 142,78,178,148,0 27,342,76,415,1 0,355,44,415,0 
./data/bee_dataset/img_scale/GP011599_14472.jpg 31,348,75,408,1 135,327,170,392,0 0,33,30,106,0 260,188,293,255,0 254,240,293,312,0 250,285,285,343,0 285,307,324,353,0 268,360,314,407,0 245,323,270,386,0 213,342,246,409,0 178,364,204,415,0 174,304,213,371,0 
./data/bee_dataset/img_scale/GP011599_2040.jpg 116,192,150,281,1 142,117,182,191,0 325,239,352,306,0 296,321,322,402,0 269,295,309,348,0 267,401,277,415,0 246,356,267,415,0 233,296,266,358,0 207,400,223,415,0 201,345,224,397,0 195,284,215,345,0 153,271,186,342,0 139,341,178,384,0 109,328,158,375,0 134,56,163,124,0 90,37,142,89,0 
./data/bee_dataset/img_scale/GP011599_5592.jpg 61,300,88,381,1 336,128,381,199,0 49,362,85,416,0 93,375,128,416,0 156,355,184,415,0 190,291,216,363,0 204,352,234,415,0 249,339,273,412,0 235,244,278,326,0 252,226,291,268,0 273,185,314,239,0 266,114,311,168,0 282,272,320,325,0 311,323,333,383,0 297,314,314,373,0 270,333,309,389,0 283,386,309,415,0 
./data/bee_dataset/img_scale/GP011599_18168.jpg 33,259,67,348,1 64,211,98,299,0 315,79,408,266,0 160,77,204,167,0 168,158,213,219,0 206,257,235,327,0 153,216,188,297,0 187,312,228,375,0 152,294,189,336,0 109,220,151,293,0 68,257,120,324,0 0,262,26,339,0 11,380,50,415,0 88,373,115,416,0 251,236,292,287,0 292,385,320,416,0 275,303,311,353,0 299,244,341,322,0 333,250,375,299,0 335,291,363,358,0 357,298,389,363,0 
./data/bee_dataset/img_scale/GP011599_6936.jpg 31,287,75,360,1 130,289,173,344,0 16,1,59,74,0 3,108,39,204,0 7,277,37,360,0 54,332,91,400,0 177,324,224,387,0 247,336,288,390,0 270,300,304,355,0 238,277,262,335,0 246,235,296,304,0 236,213,274,269,0 300,190,341,257,0 297,272,336,347,0 
./data/bee_dataset/img_scale/GP011599_10368.jpg 80,310,113,413,0 192,258,219,339,1 173,179,214,242,0 208,211,236,285,0 237,233,270,313,0 253,303,283,369,0 302,297,329,371,0 215,349,257,401,0 207,279,229,359,0 167,285,196,335,0 143,340,180,408,0 99,227,143,311,0 62,200,95,293,0 
./data/bee_dataset/img_scale/GP011599_0.jpg 56,114,94,198,0 110,173,147,237,0 226,185,259,257,0 260,201,302,266,0 288,235,320,306,0 267,266,302,347,0 237,281,265,345,0 215,277,244,345,0 199,335,224,403,0 111,230,145,300,0 182,296,211,350,0 139,225,166,284,0 166,265,204,322,0 138,295,170,329,0 162,316,193,365,0 8,306,58,396,0 127,353,156,416,0 274,375,306,415,0 0,316,21,374,1 
./data/bee_dataset/img_scale/GP011599_696.jpg 64,237,102,325,1 188,189,218,259,0 98,32,138,112,0 110,141,139,210,0 146,343,169,403,0 141,300,172,350,0 76,382,116,415,0 89,329,124,389,0 52,328,97,377,0 38,253,67,314,0 0,357,17,402,0 182,283,212,348,0 200,334,225,397,0 245,383,264,415,0 226,396,247,416,0 226,316,266,360,0 246,343,280,382,0 264,363,305,410,0 286,333,324,373,0 298,265,327,317,0 
./data/bee_dataset/img_scale/GP011599_14232.jpg 85,284,127,352,1 104,58,149,155,0 238,226,272,302,0 216,270,249,343,0 185,309,209,383,0 206,301,237,376,0 243,339,274,400,0 264,374,288,415,0 107,352,152,407,0 10,368,34,415,0 34,384,63,415,0 56,377,84,416,0 
./data/bee_dataset/img_scale/GP011599_3912.jpg 56,274,103,343,1 118,277,153,350,0 213,61,250,114,0 249,96,288,181,0 242,146,275,192,0 194,208,235,269,0 188,288,217,346,0 195,344,225,397,0 230,282,253,352,0 228,320,268,393,0 255,357,278,412,0 317,310,346,392,0 293,359,337,415,0 384,307,416,360,0 157,313,184,404,0 138,379,178,416,0 95,362,130,416,0 95,270,119,345,0 80,187,112,277,0 60,335,101,378,0 36,346,81,404,0 16,371,48,416,0 
./data/bee_dataset/img_scale/GP011599_15360.jpg 5,332,43,400,1 101,287,151,353,0 48,324,80,389,0 57,379,88,415,0 150,320,186,369,0 182,378,221,416,0 207,310,247,369,0 219,371,239,415,0 241,338,266,415,0 248,272,269,358,0 266,289,293,370,0 281,277,327,331,0 295,237,334,289,0 280,188,313,256,0 
./data/bee_dataset/img_scale/GP011599_18840.jpg 126,269,156,343,1 52,288,96,358,1 164,214,197,273,0 168,287,212,331,0 271,241,303,297,0 298,256,328,328,0 284,301,318,350,0 340,331,368,391,0 262,305,295,374,0 290,372,322,411,0 247,371,288,405,0 198,365,215,415,0 148,320,181,392,0 104,259,131,317,0 12,238,64,299,0 31,270,67,331,0 17,294,55,344,0 40,360,73,416,0 13,349,45,415,0 
./data/bee_dataset/img_scale/GP011599_13200.jpg 101,331,132,405,1 251,222,291,275,0 68,60,114,132,0 104,215,153,285,0 130,229,178,294,0 193,240,238,299,0 220,283,257,349,0 190,317,231,360,0 174,374,199,415,0 196,356,226,416,0 219,370,257,415,0 318,343,351,415,0 284,347,319,415,0 
./data/bee_dataset/img_scale/GP011599_12144.jpg 87,302,114,378,1 255,244,306,305,0 333,253,374,306,0 209,240,252,292,0 217,283,244,353,0 223,333,270,377,0 215,365,253,415,0 248,366,279,416,0 114,335,147,405,0 140,335,184,406,0 176,382,212,415,0 55,294,94,361,0 
./data/bee_dataset/img_scale/GP011599_7248.jpg 29,321,60,401,1 54,205,101,294,0 305,221,334,293,0 236,171,280,241,0 270,312,303,354,0 236,356,254,415,0 198,306,239,363,0 189,357,214,415,0 154,341,198,389,0 136,300,167,387,0 85,58,118,146,0 44,107,89,154,0 21,160,67,221,0 26,245,70,320,0 54,342,88,409,0 4,340,34,416,0 0,273,28,340,0 29,299,69,340,0 
